$ 1 0.0003 0.15168967963882135 1 5 43 5e-11
172 -144 176 -208 176 0 7 4.325 5 0.5 0 0.5 Pressure Sensor
172 -144 480 -208 480 0 7 4.25 5 0 0 0.5 Current Transducer
v 336 304 272 304 0 0 40 12 0 0 0.5
409 208 192 304 192 3 0.6 -11.954558050911563 0.023100000000000002 0
w 144 304 144 432 0
w 144 304 144 256 0
r 144 256 144 240 0 224300
r 128 208 112 208 0 100000
g 112 208 112 224 0 0
w 144 240 144 208 0
w 144 208 128 208 0
w 144 208 208 208 0
g 336 304 384 304 0 0
r 144 432 144 448 0 372800
r 144 448 128 448 0 100000
g 128 448 112 448 0 0
w 144 448 192 448 0
409 192 464 288 464 1 0.6 -11.95469246694265 0.023100000000000002 0
w 160 480 192 480 0
w 240 304 240 432 0
g 240 496 240 512 0 0
w 400 256 400 80 0
w 400 80 256 80 0
w 256 80 256 160 0
g 256 224 288 224 0 0
w 160 176 208 176 0
w 304 192 544 192 0
w 544 192 544 320 0
w 288 464 544 464 0
w 544 464 544 352 0
w 640 336 672 336 0
w 240 304 144 304 0
x -273 164 -149 167 4 12 Brake\sPressure\sSensor
x -267 502 -164 505 4 12 Current\sTransducer
x 614 404 693 407 4 12 Output\sVoltage
423 649 341 640 392 0
w 544 320 560 320 0
w 544 352 560 352 0
409 192 640 288 640 1 0.6 -0.40848312728375613 0.023100000000000002 0
w 144 304 64 304 0
w 64 304 64 576 0
w 64 576 240 576 0
w 240 576 240 608 0
g 240 672 240 688 0 0
w 64 576 64 624 0
r 64 624 112 624 0 166700
r 112 624 112 608 0 100000
w 112 624 192 624 0
g 112 608 112 592 0 0
w 192 656 16 656 0
w 160 480 16 480 0
w 16 480 16 656 0
w 16 480 -144 480 0
409 192 800 288 800 3 0.6 -0.41042785249234415 0.023100000000000002 0
g 240 832 240 848 0 0
w 240 256 240 304 0
w 240 256 400 256 0
w 272 304 240 304 0
w 192 816 112 816 0
w 112 624 112 816 0
w -64 176 -64 784 0
w -144 176 -64 176 0
w -64 176 160 176 0
w -64 784 192 784 0
w 288 640 544 640 0
w 288 800 544 800 0
w 64 624 64 752 0
w 64 752 240 752 0
w 240 752 240 768 0
152 912 576 1008 576 0 5 5 5
w 672 336 848 336 0
w 848 336 848 544 0
w 848 544 912 544 0
w 912 560 544 560 0
w 544 560 544 640 0
w 544 800 640 800 0
w 640 800 640 576 0
w 640 576 912 576 0
w 64 304 -16 304 0
r -16 960 48 960 0 29000
r 48 960 48 896 0 1000
g 48 896 48 832 0 0
409 192 1088 288 1088 1 0.6 -0.408143788507378 0.023100000000000002 0
409 192 944 288 944 3 0.6 -0.40805412110362216 0.023100000000000002 0
g 240 976 240 992 0 0
g 240 1120 240 1136 0 0
w 240 1056 240 1040 0
w 240 1040 -16 1040 0
w -16 1040 -16 960 0
w 240 912 240 880 0
w 240 880 16 880 0
w 16 880 -16 880 0
w -16 880 -16 960 0
w -16 304 -16 880 0
w 48 960 112 960 0
w 112 960 112 928 0
w 112 928 192 928 0
w 112 960 112 1104 0
w 112 1104 192 1104 0
w -144 480 -144 992 0
w -144 992 144 992 0
w 144 992 144 960 0
w 144 960 192 960 0
w -144 176 -144 336 0
w -144 336 -112 336 0
w 192 1072 -112 1072 0
w -112 336 -112 1072 0
w 288 944 704 944 0
w 704 944 704 592 0
w 704 592 912 592 0
w 912 608 768 608 0
w 768 608 768 1088 0
w 768 1088 288 1088 0
150 560 336 640 336 0 2 5 5
370 1008 576 1120 576 1 0 0
w 64 304 64 -48 0
w 64 -48 1216 -48 0
370 1248 592 1248 688 1 0 0
r 1248 688 1248 736 0 10
g 1248 736 1248 768 0 0
w 1216 -48 1248 -48 0
w 1248 -48 1248 400 0
w 1248 512 1248 400 0
w 1248 512 1248 560 0
x 276 1013 640 1016 4 24 Open\sCircuit\sChecks\s(Below\s0.4V)
x 238 728 610 731 4 24 Short\sCircuit\sChecks\s(Above\s4.5\sV)
x 259 375 473 378 4 24 High\sOutput\sChecks
400 1168 576 1248 576 1 0\s1\s-7\s0.6283515955477945\s100\sdefault 0\s1\s-7.6283515955477945\s0.7477216878265858\s100\sdefault 1
w 1120 576 1168 576 0
410 -560 416 -464 448 1 ~LM317-v2 0\s-7\s0.0001 0\s200 2\s1.5000000000000002e-13\s0\s0 2\s1e-13\s0\s0 0\s-1\s0\s0\s40\s~lm317-qpl-A0.1 0\s500 2\s4e-13\s0\s0 2\s2e-13\s0\s0 0\s1\s0\s0\s80\s~lm317-qnl-A0.2 0\s200 2\s1.5000000000000002e-13\s0\s0 2\s1e-13\s0\s0 0\s-1\s0\s0\s40\s~lm317-qpl-A0.1 0\s500 2\s4e-13\s0\s0 2\s2e-13\s0\s0 0\s1\s0\s0\s80\s~lm317-qnl-A0.2 0\s100 2\s3.0000000000000003e-13\s0\s0 2\s2e-13\s0\s0 0\s-1\s0\s0\s40\s~lm317-qpl-A0.2 0\s500 2\s4e-13\s0\s0 2\s2e-13\s0\s0 0\s1\s0\s0\s80\s~lm317-qnl-A0.2 0\s100 2\s3.0000000000000003e-13\s0\s0 2\s2e-13\s0\s0 0\s-1\s0\s0\s40\s~lm317-qpl-A0.2 0\s100 2\s3.0000000000000003e-13\s0\s0 2\s2e-13\s0\s0 0\s-1\s0\s0\s40\s~lm317-qpl-A0.2 0\s100 2\s3.0000000000000003e-13\s0\s0 2\s2e-13\s0\s0 0\s-1\s0\s0\s40\s~lm317-qpl-A0.2 0\s500 2\s4e-13\s0\s0 2\s2e-13\s0\s0 0\s1\s0\s0\s80\s~lm317-qnl-A0.2 0\s100 2\s3.0000000000000003e-13\s0\s0 2\s2e-13\s0\s0 0\s-1\s0\s0\s40\s~lm317-qpl-A0.2 0\s500 2\s4e-13\s0\s0 2\s2e-13\s0\s0 0\s1\s0\s0\s80\s~lm317-qnl-A0.2 0\s100 2\s3.0000000000000003e-13\s0\s0 2\s2e-13\s0\s0 0\s-1\s0\s0\s40\s~lm317-qpl-A0.2 0\s100 2\s3.0000000000000003e-13\s0\s0 2\s2e-13\s0\s0 0\s-1\s0\s0\s40\s~lm317-qpl-A0.2 0\s100 2\s3.0000000000000003e-13\s0\s0 2\s2e-13\s0\s0 0\s-1\s0\s0\s40\s~lm317-qpl-A0.2 0\s500 2\s4e-13\s0\s0 2\s2e-13\s0\s0 0\s1\s0\s0\s80\s~lm317-qnl-A0.2 0\s100 2\s3.0000000000000003e-13\s0\s0 2\s2e-13\s0\s0 0\s-1\s0\s0\s40\s~lm317-qpl-A0.2 0\s50 2\s4e-12\s0\s0 2\s2e-12\s0\s0 0\s1\s0\s0\s80\s~lm317-qnl-A2 0\s100 2\s3.0000000000000003e-13\s0\s0 2\s2e-13\s0\s0 0\s-1\s0\s0\s40\s~lm317-qpl-A0.2 0\s500 2\s4e-13\s0\s0 2\s2e-13\s0\s0 0\s1\s0\s0\s80\s~lm317-qnl-A0.2 0\s10 2\s3e-12\s0\s0 2\s2e-12\s0\s0 0\s-1\s0\s0\s40\s~lm317-qpl-A2 0\s10 2\s3e-12\s0\s0 2\s2e-12\s0\s0 0\s-1\s0\s0\s40\s~lm317-qpl-A2 0\s50 2\s4e-12\s0\s0 2\s2e-12\s0\s0 0\s1\s0\s0\s80\s~lm317-qnl-A2 0\s500 2\s4e-13\s0\s0 2\s2e-13\s0\s0 0\s1\s0\s0\s80\s~lm317-qnl-A0.2 0\s500 2\s4e-13\s0\s0 2\s2e-13\s0\s0 0\s1\s0\s0\s80\s~lm317-qnl-A0.2 0\s20 2\s1e-11\s0\s0 2\s5e-12\s0\s0 0\s1\s0\s0\s80\s~lm317-qnl-A5 0\s2 2\s1e-10\s0\s0 2\s5e-11\s0\s0 0\s1\s0\s0\s80\s~lm317-qnl-A50 2\s~lm317-dz 2\s~lm317-dz 2\s~lm317-dz 0\s310 0\s310 0\s190 0\s82 0\s5600 0\s100000 0\s130 0\s12400 0\s180 0\s4100 0\s5800 0\s72 0\s5100 0\s12000 0\s2400 0\s6700 0\s12000 0\s130 0\s370 0\s13000 0\s400 0\s160 0\s18000 0\s160 0\s3 0\s0.1 2\s3e-11\s0\s0 2\s3e-11\s0\s0 2\s5e-12\s0\s0 2\s2e-12\s0\s0 2\s1e-12\s0\s0 2\s1e-12\s0\s0
